Los valores random es:
1039756271
-459772412
2028678404
445297453
-611700749
-275640269
1616918954
1090738926
-846847966
-1309633225
-1147369211
183792668
1200669369
-1504661851
301993862
-1825823646
384644087
-1347548135
1253266592
-1988946609
-1843856145
516115326
-1626482757
264808503
1883046815
-1891489397
2026459246
-1445723045
-1875580862
624932496
1831615982
1104503623
35546082
-156724366
1242134976
-1523236997
-345539536
-2024965389
-1390820938
746932557
1701552279
-531064010
1829727512
1369523725
-551746418
1778418562
890487072
-254001814
70830893
-1068127675
-899639125
-1442277101
-1118185469
-28061860
799036206
32512673
-1658365658
-1389314415
367607526
1589300147
1830379146
-1384761756
382267987
1199194
-1994452330
336393998
287787238
-2000608329
706177012
1664826818
-1425017096
1499723491
-1933160280
-1896271819
-1746081538
-994260466
1258148452
1898052704
1957356027
1553379306
273910809
1295036548
618990901
740985673
-1204780847
-1599860882
-456427733
-2133080316
-1852687429
487908604
910401989
-567400417
179413383
1874763487
1543612365
1145314858
87360244
-1879954014
-565468258
189216233
-2603866
518484458
838880538
672305719
-1513148356
-538854914
-694877472
-1047425241
198394530
736105353
1515107006
12776299
1611631523
945452447
-1606658715
158553081
1513255617
286852861
1756426587
96964075
-1525254840
-1035795308
-1771677387
1020951206
2029007264
-1516827576
-2024728316
-885046722
-318680093
1553387508
1539393295
-445911015
1068840879
1166832817
1743989698
-1775882799
-1660595396
988815960
-1225919257
-666482594
1112588208
1607492
1488840723
1237508980
1437823665
-1148627876
-990197662
-1204158678
1117715772
1658778960
1818387302
-2091764772
-415243340
-1501099743
1683650907
-2120660911
-1554521282
543776487
346846368
1462994463
1256634443
-1331856690
-570383262
1157722189
-763348363
-1165695135
-1513754982
-1994932166
164094351
-1956456694
495856952
-1061172034
-8976394
-1911694887
-139023712
116703118
1792310829
98610052
1018655061
448019685
903431081
433806766
-1024761101
-457219745
-1700300568
-1070177684
-1051833758
-1764541913
599121607
515717892
1674403144
355343188
-1050446059
-1117860105
-1332092737
-928417648
1724652130
1119727425
1756685640
-1576655878
-1544546531
-1368733218
-2048504322
1753421645
969813469
907628944
-1396664562
884288321
-13598978
717413855
762711910
-1491574479
-1075692176
-190904479
-916751956
1446617853
1158494923
692192315
1614760049
-1797120719
-103047003
-1570109209
1467738534
-342124698
-999593177
-163876554
538891598
-193499416
-1511622434
-1356335720
-790277260
444077976
-1905572914
-1833078629
-1620365984
-1718139116
-408971316
1599928497
-520700411
-278843884
-1668818419
-509390282
-1844374084
1220502551
-1680689671
-1755841104
-1680857801
-703305410
-730709179
1195927127
-1046207569
-445455754
-1470564032
-943131432
1641587808
835318749
-2017328276
1760430677
-1056108746
-1617797794
1842465615
673916848
753889480
706624925
-153826421
-1993947895
-943729275
-1167614182
-1104150484
-9069180
-1546542036
257438608
796362817
-1764199601
262384513
2051465630
1616202925
-1748791325
-1753295043
-1894905687
1496498238
1688700041
-1944666043
-1075339521
909511934
-1645809889
2108066847
1349160512
575947465
-1495447781
1941426081
-623447559
-1874896097
437712592
308832491
1972706449
-1978653125
1176192240
-505445226
648382056
368670052
-483601839
-1963900371
-302118084
-1252845950
1299034099
-940332069
414390735
-249531149
1780502850
-1447103130
2073147846
-719326305
982441623
-2114046373
2126089172
-1783802807
-4805628
-1802169461
-887871465
1720893480
-1083320240
-1523446859
-797344063
-1769388618
1117083712
-2090050684
103227131
1038278599
340390424
172469435
-1591048187
1944410588
942337376
1055327406
-742594399
-553736776
-772441365
-1462000141
1871769777
896562740
-1356850923
-334243494
-772171489
-1617284273
-334399413
-1808215527
1306199548
-270165111
-297622577
-762699445
851764971
-271866256
-883658052
1295543451
480770496
179076218
1595704648
-1591190468
1250857827
-275867627
-1204923831
-1474169828
1591366394
931554300
-676787974
889179224
-1895341241
684255948
-1101313282
-1196106511
-31986099
-1820234794
1658454692
221696192
-1177508039
-559224522
-231220885
-1849289817
-1306947968
1437336356
-337702199
1709969417
-2124131260
-461065079
-1998074073
689655675
522976508
-985479979
-60753104
1801745083
-1598575534
1466630927
-2069729461
1533949152
713341519
-296575443
-769457307
370011603
-1269139787
-414896475
-826959117
-540981251
1967931051
-1324792509
1824288055
119610689
-904607585
-1793158339
2031226305
-193941716
1769982567
1429077892
-665061064
753643115
1581604265
-304792228
-1988973990
-1280785027
-972241283
-1065568210
-423134400
218995368
-394100656
-780146531
544265958
1210875185
566736139
-874682666
-1140228374
1379086790
121602675
-920302036
119007636
-1365929409
1864413650
-122567197
276757526
-1575619451
-797391401
-979451061
-1379293932
1249414354
616006330
-189572848
-835249307
-808567014
-878160733
-473946160
1871037723
1511429064
1362180172
-266615826
-1143534912
901759917
-1618671132
2065638565
2095487715
1049038645
-1963893194
-955158433
997450194
1638585563
-1941026294
1309915719
711244200
-1585243426
1587067851
1687323933
-1072392567
1152155700
1638288233
718020424
2108928812
-1120089921
-1720998784
-1839715279
-2133982823
-935888706
-1120080199
-1366430002
-1102453709
1844196229
-1895704464
-1637078660
480965369
5230960
97331095
629057297
2103791880
1073504533
1138881753
-596983503
1456625251
848529336
-1003555582
-1299351584
35623415
1627518211
954889373
229305945
-828545064
-1864770058
-1300239906
72900893
1180880848
887468828
1839874242
684124494
-1685063653
-713849345
396641652
-584670916
-1177431957
1408029149
302698739
-834732480
23380273
-430597222
-878535696
-1655540792
-806022370
-511107847
1240325116
-181357645
77581031
1136226054
-1885597982
-792977441
-146866872
2132469718
1470142545
6045951
-2074550452
1308303219
979572158
2032162481
-155642166
-1727082480
2084998280
2029147343
-1573908686
1572930948
-1728915876
1886118404
-663988599
1879134197
-543297574
568601506
-1382136143
1085664723
-934736520
-949574989
1993768686
181543176
-624977242
-206571955
2081681829
-329243795
1013221171
1984945962
2080279141
835808895
331122415
-706506632
328708139
534727250
-1637210224
239460844
553265121
-1368336443
-231022375
-1731229924
-774431960
1016793590
707953400
1536354318
1156990807
1310868216
393520943
-953913589
-975464254
-718501949
969017015
305749945
-2095794626
-1840349332
-1371939872
1685359464
-959102748
1359786389
997044604
-1353091413
-961491947
-1970423770
-1713879938
-1831615445
-290598465
-1965991876
1705925597
-1286997833
2111645405
294368865
-989152579
1729096862
-2091535292
2114132478
434409681
964591168
-231966821
-2008943603
340921594
-398763550
100470954
-254403310
227472948
-1131091262
-2145952040
913407563
-916885838
1417922923
329970414
-2058380763
-4897466
-2044445878
1569806625
-1434015758
2001238278
1250924416
-18579634
-996002087
-158739668
-484006664
1621015431
-833582067
35961662
1675314620
-1906952499
-2033504190
-1081890450
-1223097468
-1090666465
-382312357
-2052793534
567366032
414272435
-1883613849
-1301074313
1898551223
271884930
1943312334
1779910179
-862561602
1244595722
1519309255
-2041356775
-1206905363
-208221105
1949029644
1614704784
130259423
1013725218
-760035375
1557762566
1516831898
-1676471899
348892401
2000988001
1854514911
764330765
702528362
134601304
850291394
735903145
1285765387
36270096
2113245052
266808100
290835563
-214571511
-1222128002
977481478
-1201571299
-1941276357
1901215178
1602239616
1540342049
125598588
-546602114
373605480
965708445
-1360389340
2044735153
659472257
1962795212
1497334003
-498382462
1488443648
-1966169803
869623857
-396527507
-470598325
714186272
1801360662
273038048
554897667
-1142693051
-1819554452
1947738382
-29371324
-98299450
1516517234
-1210447102
-399755733
1937508191
-2020982013
-930822922
-336323432
1988183260
1350795511
-1840409372
746447924
-405747766
463211721
-409760419
-1587471179
1579305841
962882682
-1328629350
1539720544
-1164303103
1666386612
-1136822576
-488157745
-1411371254
-889147599
1123913416
1175510772
1207269425
-1156998819
1845749678
830517341
1110026528
-1626136262
-650191576
377318841
-2094246466
1175454339
-1554213206
-2117537638
-800739936
1188804116
-160436472
1180029564
797261758
770145672
-431767220
-1456104699
946652521
-113638109
-573198647
1061490318
512239740
11321330
-881937808
1903190241
214120657
-1184865744
-1956571807
1774276676
543212791
1863589355
1373149381
-1912247114
-1333917151
-1700690457
-1381832486
888868728
2118692704
-1801897278
765701454
1154991822
1237106708
337299032
1242090193
1038301702
706959776
-423343768
1451796965
1980615097
-136183716
758964087
1832752888
454717520
1236651983
-492380940
1062113203
-731404599
-1317733859
-1435153508
-356052588
2077970875
1730431678
-1846392544
-1861960262
-1959658857
-1009409936
1199188996
-1204099585
942790960
1537184366
189371081
569988939
1128690044
776844514
2063253838
-509283033
-1458452069
-60018537
598798450
631634576
1959558169
-112680462
901149694
1845031949
522070640
-1381141726
-1589847358
1074579203
934024144
968631702
-1925419779
-878093752
-1758211039
1100889775
1633856769
1010807797
1357156168
-1475621961
1221967383
-2034392961
-603386711
-165564144
260887967
-1559480568
255428332
-1863239504
-715384197
453103346
477377540
-170552372
987010734
1409628853
-1511536275
1848853459
989798207
-1373021198
-1641316172
2098241181
-737978781
-1872403256
408182844
-1539972636
1312435162
1593793125
-1659909058
-1502180878
1597865881
-1669092130
1978115089
-1196630116
2071775912
-1610745789
-1756074069
-301207186
1861808717
970212078
428237159
-704943065
994552170
-991474405
1058418696
-1393293721
1344341027
-1062222403
-598012675
-1777699930
1925194179
-2076608369
171129574
725750376
696914144
-1906652824
-1344206762
-559953490
-1023651396
-1365765933
-512347430
1753794991
857119469
-788025890
-547097030
276833224
260686912
-947592910
-1067037698
1729195440
321911771
2026685796
1298472755
-370809873
1391503777
2080503945
793671790
-1729839216
-478894887
969460495
1570301457
1142338325
775266321
754386890
1632478412
152027818
-675418304
418359629
-529642394
1126296478
2124155946
-462155653
1753351357
-20033778
81755400
-231108515
1095927563
-1508781086
-1423244953
371942196
1654746986
595948541
1321347408
-1003594542
1830986393
-1525045073
1236712104
2092756517
-1198470144
-1481135506
398231770
1376210452
1652373489
847935430
829465266
1051515789
-1949528528
2120013709
-448071028
-622785314
568733877
-2103915942
255847597
1193246788
884228784
-1991762122
-796309520
968360385
-1074881588
1966940052
375700644
1739889202
1158359991
2089125502
1125111220
-1087833184
-1345154590
-591841519
1982324744
1780211413
-633344635
1373201963
857105451
2066753074
-113301019
-1567872158
-744942034
-1321412160
726485721
1623960887
-872521781
2053132420
-265126519
2078235786
614328524
1795955478
642118009
-1830227119
849789357
-1353940108
841465285
901130884
-271379328
-1654147565
-1579329874
-1222419621
-550797296
-568465353
536958804
-1603633221
587366729
-1986719869
528458693
-1434630675
-671969577
-443547949
-933025994
-918541424
1747962636
-80085943
1523233423
-412625967
-198676474
768418982
980336428
-2145841960
528308752
418066394
-344319519
276772997
772691016
-622499107
-2062304705
513018971
-362017918
900332223
253250069
915332284
-138687636
-1646674690
996548921
622913366
53963250
-202680041
1208400264
-318287651
2000028900
-1535813793
850190122
-1982674438
1901098452
-1006481134
-542170854
-1152381054
-1996578748
896503212
1394230757
-2080654869
-1975976447
1762107767
-2114991951
480186363
1786514889
-74456731
-1067408768
920309953
339839027
-1197948897
404022198
188754121
-136479024
-540120995
1402266072
-588822902
-823408244
990390391
-1041171050
125190691
2069653082
-1750432964
1544635658
-58569658
452177680
-1428620798
1273394754
-1520412556
637372814
-1171135490
-515234309
-1105611158
-96405978
-1818237227
-923529553
-259240230
1815322679
1131537522
734448594
-1291487394
-1505536741
2040754714
135693655
1596035497
-1425701566
-347263811
800083832
1000991231
-1988414561
81100429
1955676855
-1580365594
-1399195838
-1712346668
-1884778465
1118366749
2133914437
-1560269566
-1863313969
1490803405
-582293268
-1856318459
1390098360
841730302
-627259385
-163575075
-1529610075
-1708884404
1151492507
-1731967633
360370043
-544214054
-587128639
774213784
1708987586
1052351877
-1612517939
-1816092539
1864098915
-1459580324
-260464719
454553665
1547919283
578766928
1308467107
1953810062
-2036319313
667342631
864068350
1691563001
-2081364087
-619252042
387424101
1699175976
1336153955
-1453642673
-1620222674
-837047178
858699609
-288826505
1006717948
1540139457
-1180726587
411119068
1517059501
-654266494
-1607009347
1062536837
-1539249289
65449501
757980896
519599179
-1816827571
1883809401
2000564050
802576263
1939008391
391358675
271386372
260845324
-1627520319
1944087759
-758819016
136396887
-905858558
-1020995888
-1381554876
-1752461563
-496041184
661126792
-1874374763
994596740
-201917085
-1311274286
-893903114
1307902221
-1868897687
-1959364930
1804806162
-2110735663
-639052472
-1375038483
1709261111
-169985934
372854777
-1720754657
-2090495908
778060212
293866227
-1760955382
-1703086747
-1327298188
-1716962538
973293933
-367831900
-1267761192
-1938404918
-1918179741
1715766691
1839535047
-394564760
-2118793220
-1386812896
818517915
-2093369384
-718129655
454685016
-1784267499
-1249400454
2038604342
1351814024
-1801200495
-461101495
-515972002
-1685597776
1560804218
407795518
1023174682
219964825
1012352511
1144771058
1861427099
480857625
502886406
-727099258
-1216458823
1281119126
-343559839
-15486010
1423280459
208412872
-656518849
269200268
-1454677063
-1210143806
-1900743452
171008354
-366687026
-413226190
1232643484
-1076489877
-420150830
-342058009
-1387675156
-1333887614
-2087221801
1031543443
10440203
1249797795
-157111981
1326880210
705451920
1367849097
-2000521489
-509043606
-1723113364
-1953608807
1209342365
-636531756
-878639847
269181182
312414192
1137681147
1862685203
-1464189676
1165934759
-1845904062
161381511
1083802633
-655604598
1104558540
855831114
-325894975
1686862201
1567380214
-970197748
1390910970
1902359233
1339255336
1550529740
697633201
808557233
1663765453
-279896690
-491136317
-1996678803
-1270829153
-1213412276
-23926570
-47819519
-1969571545
2120343337
-1752963463
-860217672
-1189839740
1204720876
-1278935671
-1676713554
-609268886
-282071125
2082688470
-1397463388
519622253
1142476486
1308111367
-439615213
1822895743
334246935
-2108330310
23591299
-737160521
999958631
-475877393
1869564188
1143322196
501347107
-137693018
-529270147
-336028928
1330878798
903801029
214287308
377396056
-831137863
-855966401
-1689539059
453370283
51711090
227487347
159407543
222594817
118670201
-1340632879
-141438844
-2099716513
1549064889
-483664957
710845576
-663965623
1508798774
684063433
773340293
1926376072
-443804286
-436335386
-1728948867
546932781
-791681163
326923834
582869383
-620055083
-1277058788
-1916213264
-707380250
308180525
-633226511
363299417
-1801123241
-1798911304
-1137828020
-2145159847
-1368236119
579773648
819601690
-436681983
-1149504621
1335173865
-1683838517
-1190852483
-56130623
1541987869
-1685925232
-1904119504
-472796625
-427029532
2006736070
-1807337443
-1476660038
2125625378
-1729446483
544889736
565275124
492215142
-1083264675
-1944557860
-115103945
-82620048
1670088953
-1411680561
503174140
1224995828
1781442596
1052105668
-771905939
1464130973
1055712691
-1356530065
1481053496
885692756
-1043807324
-1815319874
-983510363
-488226367
-1441811889
-1644419849
-199957270
-1489906415
-336866597
-1469797091
1532096445
-1324908295
-433394446
-1887611752
1306460971
1213410043
680692664
2118634004
125633448
-1296189208
1009022456
-1620705368
556662630
1311104421
758511008
1243991867
2030830825
1951559217
-1905286545
259522851
-23179557
1074168550
452109292
-1577150194
-197863140
1868556542
272342681
-1061647067
767537949
1458350168
1294647401
-1148236946
1461232494
476881276
1847304302
778875249
-603262828
2080409564
-1519458858
1623611934
1154376480
-287851428
1335028248
-1359649299
-1486367492
-1417491436
146262633
1048584519
-1296899576
774412116
-600925067
1626156324
670928356
-1908906776
2033891915
-1207038476
-1118309617
806577564
-636003944
-718715710
440880944
1875667970
-1755127273
2018137751
1001193652
-825959310
256161607
947938844
799492504
1423579473
1538877791
-1892007038
3861383
390524822
-910392961
2054756006
1492250919
-678377590
-1966711513
159450991
428685487
336633294
-695743252
-1337882502
-1817472068
-1641805662
-1154192792
-1792727047
-1407020955
1209191780
-1169696398
-1114436904
-537772148
-1300641195
-977180530
-177572320
830377079
-422299485
-1315650393
526584480
172882334
-1094153565
499495931
-1111320887
20371142
376334941
-628093866
-1903975718
1642153038
924294221
-530818942
169220924
169187272
-1870804376
-329981699
311803182
1219753418
-1009550500
1601571820
-1326962268
-1968491258
-950617572
204490831
133087852
-921543016
-706203237
-1923024778
-1172916845
1776902047
1293009111
-1546973260
-1923884282
3850254
689163032
-191932591
-1153873797
-1985908028
-1707030407
-1766879548
-928202863
1003688665
493017767
-693707999
417356341
234889786
2053073384
-657114672
1947212104
484515191
1024003679
-1524438401
305609086
509638875
1414547853
857474137
785085065
-264316228
-133704677
1158916727
-355826571
353380117
1031373782
-169765994
541636437
-1312477103
-1688924678
1992546571
2088055071
1826562409
1179789746
1964654835
-1795996204
-593038032
-848046369
1229944750
-105503260
-57372947
-1217213160
1821895821
1602129615
1085687850
1722898161
-1183496759
-1359977969
966985675
108731776
-697786442
-214940108
-1852950943
1333241884
2049772345
525842001
1287005120
576623720
1349975927
1578115990
1239069134
728287887
1825354447
-259257026
-1141679971
1458188752
-371814647
-2078330197
-902244420
-63723204
2110141647
-1239071794
1342712010
1872054462
325435995
1056486348
1349093195
-1823134116
1917342065
-726560290
-1570790978
-235971653
2058346640
1333693560
-2133833746
-1640536088
-1303635100
1642627757
1947806344
1077741909
-919030146
1634944977
-1049067539
1415625761
1104761414
504659295
-2036686263
890636443
-1650714321
-1155291363
-1826948380
1403334152
-343175891
1626660221
802672311
1360410020
-1758775197
-1786658234
1776140354
42709478
362951969
446339955
1302928028
-470569464
-135151347
-2091665317
1153972683
-447114810
-635088993
-687766255
-1932811179
-1299448475
877449170
-1067978739
1747298839
-1368006154
-1041688296
157812235
828677204
2075810267
-1031949427
-1149179853
743437072
1997997450
-243634321
-1029209991
-1339952225
1711861905
-1612546098
-1314219962
-946033544
2037138137
-1371665281
1544500568
1884445262
-795917778
1287548758
-1200922395
1466337889
-642422786
-515075949
-1903969018
9342480
965709664
1924929180
719490131
829232051
-2013626536
-1529520916
-471527478
-523372377
-307931815
93546059
78012148
-1274763095
139826186
-133022145
1862082122
-973037977
-90777012
1887272386
1496561620
1624299860
-67074436
1830151988
1014561298
-460825413
1897646581
1314934162
-1065271008
184749079
-1718030120
50281192
-38892012
1613461665
1495982606
1037830660
1134047402
1196913705
-548660338
1717266284
70313763
2035973417
-593449253
-1650168431
240425065
424302614
769458640
-2134847421
-1015739274
1893951993
340875167
1624230759
-307280137
239052862
666265110
-1746089752
-1274451924
1684812236
-1814594780
-1241124373
1815296017
-1802050219
595261084
1005461318
-1574846526
-1756460818
1219632184
-273097423
813733147
1642419937
1036354015
-349800898
662289566
-1263598654
-2122080726
-154060410
469714329
684757440
436943652
-1574146012
1322255496
-1729526468
-92024495
-1804028441
-1977413705
-1270657377
-1361965327
-2066175678
628875819
430767464
-1669918843
183248519
-85767998
-1158246269
229443474
1829208660
1306492313
358643681
867985572
-931170483
1699222957
1669929796
-206519915
1926871819
2075698372
-877954470
-985342193
2067623507
1764703117
2124364301
324137038
1904073866
563225606
574337817
1334162474
1858944616
-1716879331
-238758434
1960833620
583824364
2094509722
35780471
-1246247713
-376968817
597269051
-1425286134
-15895038
-1421796164
-1672587488
1801491041
1274410524
820474750
643936873
-1163856711
892939767
1461345147
-218916835
897901274
-83054256
-122035168
786723661
-590313113
2104006038
-659929059
-2021331848
-1251587465
990671090
1136794132
1729669681
-734651549
-869874297
-1893594996
-684591105
-1453036575
871455994
665873707
921073540
1896868433
1756977204
1013062436
272318432
-557926057
737277798
2040340717
1160318807
133229225
-1738711475
395931957
1602188080
-69250263
189192375
594454293
33032672
1732971573
1669227333
1505581445
-1439087768
-1129105858
628980849
-975850991
630866938
277598359
1410957778
941898443
862964962
-1217807729
-1465377378
1439242115
-641445981
-1765461567
12486769
-1060299211
1524338528
1899323817
184329036
-1750367550
-1794870146
-1977821061
1944137183
857606627
-649988474
602404143
-1883988726
-1249577126
176046159
1148953312
57431457
1059269481
-1668713893
377746774
-2076160145
-1325784184
-229136511
1094154977
-121019267
211341905
-1408753716
-736274584
656330900
485196478
-646335069
1722907840
2110629119
172636823
1271857449
-576482238
1106064532
1575374885
-1719218714
-836604521
-1623213067
1301227307
-336345434
-1402009899
1618922003
-1412347626
-1809286239
588218831
-639161101
-1192080269
1327179484
-55862616
923821748
847200160
1326895822
-1457425495
-1822953776
944409286
-1178220731
1610271316
971555746
-99517178
-1736744822
1415047609
334237735
533788914
-366889789
166129159
-1594365432
-1286343618
-309220456
617819493
329083863
587054774
241331225
-1593714174
306687897
528303218
2007450847
615395690
-1347326588
1731575625
-303992208
-1597453029
-162577655
-1912829053
-1780652056
-73209768
-1419188716
-309128239
-7766572
-2119717060
159107217
-700512127
-1806816415
158526225
841347122
-296593939
911093173
1840619490
377489007
1184337460
-478723684
1565421390
-306584370
-944850388
-491629721
-1039870818
-448978588
1018283415
-586397424
-1380741606
667770778
-784926060
647940770
-39860329
1381394740
2134589527
-443372329
-1451238828
-644590705
-1142615780
520872450
143504903
868365609
-72590504
-2073488081
-1741797582
20983654
646103601
356471688
-294097222
652857489
1046147376
-568563719
1148935865
1356993056
-1255868619
-1079980777
1103982738
-1523943621
-700392278
-684959427
-1712732090
1320095615
1237838075
-664336136
1567906053
-1010212354
-652195003
128027556
853614344
1255703690
-212460979
379549270
-1535860067
-726867149
-403710029
-1843969796
1382094979
594181133
-945544602
-464358973
-1339772041
-1251175626
1723376730
-484795720
1770191630
-1428020458
606816120
46534065
381434821
-91583256
374328790
1476487790
1447257174
-1435611783
-1064507096
-1407096070
358868044
1290254896
-510243467
-828730793
-28418087
-452195762
-1792492787
-1477271207
-233026329
1069887605
2066232249
693761490
-976761492
888227950
-682635468
911816687
1528191746
-1645961946
1537598170
-438175263
-1488316490
-654865671
870215839
-1411961409
1649858591
-1399209422
-872345278
-32729686
1603615410
1274588626
4640193
369791537
-172007339
736035472
-361260017
1842737911
883431985
-1940932063
1364620036
1204923795
-589913909
-356581703
69609876
-490037577
1564354646
-1913664816
-968846013
966506899
1458169410
-1616559831
811375576
1272662395
-219456488
-1379729137
1572285520
-1058526778
1835137929
1416100577
-702655723
985143289
-1504675901
1631815889
-635642513
1077314597
-278571002
505204712
-1485291462
1242923917
572628855
159427916
286897625
384354699
-719217100
151696325
-1449736342
108841651
653868967
-989725315
35435835
1188720184
2052483615
424334855
331707003
696906126
-281984100
1480229026
-1231804364
-72490415
-1191481366
15376061
717386616
1371099749
1463589872
-931267906
-1108946214
1578281565
1847323209
-1264534786
-1055918304
-1020871136
-1673849581
296370456
-1904743626
1669728201
1547786503
1483159907
-1339209884
669002959
1069645258
1928765116
876602307
424685925
-1341681790
361543304
1910619628
-1196556765
-988799573
731597048
2093221363
1069554662
-1531702486
1276025231
-66877805
-1317877261
-1993245791
608363489
1064754346
-387460510
-404043259
961437852
610546151
1988411577
-323259282
-294119732
2026598081
878403287
1692006702
-1636565670
499980202
1520606227
1663869220
-1216270123
-1383773820
800342692
276271953
688865652
305498452
-2023350462
-1054863957
1213979995
1930386228
1507557133
698996529
1623874333
2040321166
609626030
1339113279
-255137662
149134726
1163668923
561331747
-1522572919
-1875765832
2063224159
-1045787921
1202197423
-1504866269
1547741498
143243920
1464004977
968088164
-2137910394
551009311
-18089456
2131854118
-700693126
-255244681
-1590306413
-1288596520
-531519246
907479815
-1507982062
-2000506463
-2010933169
715244008
1915737904
-1348937328
1531328668
-1287494863
438202601
-1177408488
1375031793
-1487658614
672490125
-558335045
356764188
-1572144641
-1921228533
-761228540
-1762286211
310570262
350915442
1772316089
813609520
916534562
-2000026443
-1071865519
1503543665
1721896409
-2081102418
-1566748509
-340618436
608362788
-23016603
1320716000
1264900148
-652088010
595494289
33244611
1358491077
216643552
-1824020130
868225798
1587165324
-59776222
-1068757904
-1935544041
1706115317
1762932484
-2077397977
1784262411
786691621
-551160666
269993252
-334773293
-1239631077
-1880963434
799612684
-2135152468
-485318127
-1056710047
-526135157
-754915620
160397863
637742956
431128475
-1184674662
22451011
-1349810428
1630888454
-982844083
106519602
1227121074
1854177833
-749907719
219496211
-44399149
1686834170
-51464458
-1899470860
1118604136
1885070923
-477425694
-1411309123
278612267
1772100687
-281726248
-1427729076
1772846818
-238822563
-374533663
2102802145
1982288118
-238089996
-300994134
-455762500
558065990
-98388738
-1344837513
-941817340
-2144022216
723840088
1960581207
401194219
-1912481519
-159862894
377903257
-1701435634
-123101050
1039667699
-102841730
-723093215
-1310518125
1686291647
592303407
183538379
-1737656694
-1659661637
-2056641295
-1476473906
469352558
-1162637328
152947094
-1028902038
106265217
-1878392401
-468729802
-1082465789
1039455771
1806975701
-405457889
692797697
428024252
-813619120
70902537
-1406833417
-956437916
1214228961
808325261
305403398
-61841886
1938346787
-220480296
920814211
413778923
795427019
1884033691
-16410665
-1776083795
-1538347472
-165593019
-1861087833
133513634
-299739378
-864538508
-1277153484
1405228009
1975595398
2018039208
2006961923
-1584885423
1913603176
-1898775239
296046784
-16457096
385064373
-804201077
987950430
-1782925804
-281105058
134730623
-395340413
-671515248
106235986
2002977580
-5302749
1175412442
1804916663
1917505486
-1161469078
-1965494405
1275885686
-332964098
-130470433
724110567
863833853
-1490314461
944252358
-278567402
-737406145
1248422184
-978218811
1869187666
414390527
1074201966
-1931340343
-1215590062
-508733362
-1439122428
-1380588758
666546312
1489490
673280021
2142540556
1415664055
1055419976
1861199521
-788762104
-1992720697
800803531
-1095497616
-1018622964
1641789148
964198230
13209410
450569087
-675446620
44390918
1719063115
-960072024
-623489552
-1199626844
-588044835
864810832
-1904835450
602432483
-948862361
-835888987
809877556
-1250367515
-2088868195
1498486624
1897570856
924226819
387787000
366764074
531612031
731170253
-1914409887
-1495631813
-916549349
-533422257
1914743848
1272941636
-834515271
549508246
603919162
-141620849
296898369
1906548338
-1305341293
-1211374237
1059339360
-1006769284
413428465
1285256876
-1283713197
582159450
837197257
2737627
-1260841722
-1127456703
843970942
1340634891
1280026461
-1781742149
-1619282736
-1699761563
-288208944
-1346120790
-2022322798
1415229124
582997821
-1586684276
1457692320
-1697660261
2106042105
-1398272513
1637048590
-50454762
286818087
-1017575801
-1164374876
-1067869825
-1733216691
-1299387505
-857584758
-2030098717
816754211
1640250797
-1441237697
1580396020
-58963538
-1227138774
-698563377
-1936518351
-20107122
39426240
-2082062779
-278355133
1406530451
-1538695003
2090071901
-114147414
-2002557291
-346597944
412006270
-149261928
-1624980604
-1760082598
-2091900186
-775567587
1766615741
925991055
-1827347162
369303171
-670313313
874754213
-1390244143
1705690107
170166366
1064068901
-1566500240
379536760
-871289834
1487466088
1498631352
2007834842
-1561918941
1738612316
544760830
255111247
-918460497
-2001389177
668257002
-262407946
-330422133
-1109518772
75940459
-1623441468
1093319746
1924143213
271005418
-1252423509
1429192811
-1714045231
-1173998399
-1141873672
-137804737
-1770075770
1263906798
1401466364
-816858774
1619868680
-854813949
1979852014
-1388405211
-1625702461
-1938339487
1144649999
-161270652
-696440106
2030712997
-1598637297
1919867660
1168453401
1180556641
-1212527441
1761467016
-162106015
-679248114
1223669671
31243548
-1520523006
677162817
-102428983
-1469873510
383596436
1301219357
2027928933
-2023799276
-1074673414
-1890525688
-1214519057
-1183307599
1183560607
1575147681
-613562145
982160836
-1845104381
1666557681
-1505355560
239612954
669996661
880427744
1888028940
283515027
-2145970655
-1110542359
1354322142
-186446349
1173474381
404660497
-1443936312
-1773533702
334208223
-1095708139
388900990
-444463183
-880794334
1834803170
-165158317
-1426182394
-80132663
725089353
-1037951780
-1892314725
-968750797
498194674
-172666414
-2139874086
-129291792
-882080367
1648959804
1871888716
-1605173885
83328344
1421820877
-1363771605
-38090903
-14051412
-1712275574
387655733
1227864154
2120011802
-1984478545
-1511527742
-24240690
-1366681204
-696858413
-111609320
-1706457662
1232253111
-2017857974
275441662
340581051
-1930976809
1924502986
-857111666
-537805813
-954763874
-911293360
-208842417
2094962258
-1596638871
898094916
217051266
328155207
-45394252
-110593829
2110849468
-1706811464
650112464
566621884
581591732
1078991566
-399005741
-599269658
2066469726
-1904354923
790574030
392103632
455301176
-1077339204
1576198981
488857809
1490611683
1177626264
-866182693
1466909633
-1841733132
2016776046
835421261
24447201
2073388300
-992025103
1072581281
-1753865225
-1451808219
172557065
1394848158
370219453
1818371887
1304231894
1494867838
-233965445
1987431130
-389736205
1529329634
1709651698
153435061
-1803222530
597754629
-1379459716
1371763832
-1471845032
1542018100
-611312272
2009354653
2043268137
388653949
-2063025461
-729258956
1911786150
-894841178
78244876
328375799
-156873578
872772960
-736553890
543435420
1746202129
240968892
-1941636100
-299103638
-1009300342
-589199906
-726701360
1111310863
-140174320
-1834056721
1742948702
-971525200
-124629808
-932930216
-659461153
503117120
-2039626530
1058362412
-523473999
-2033469420
1437299252
416035301
1207841517
1450284471
-1454442246
-658763182
1505238617
2129417722
836534791
-2097042992
-9905791
298910288
313093543
625719992
-284075745
2061523544
71233182
1909239319
-1857775677
1351974329
-1256402579
-1679785052
-699139921
-619389131
1514861523
1024281838
-769362685
-911289096
722219158
280209364
-1354303719
-1903535567
-1628585086
-534254534
246450226
-465447452
1335519666
256114937
-803916719
-1820001539
2022228493
369953815
1102235751
1953502631
437301779
-2046332360
-209269073
1098537438
-1410608423
1686559059
-1547866789
1440876354
954280530
-34659673
-1763898512
680949294
1654437071
1807126512
-133373971
-603102711
-1648917816
-683112490
-1022177485
-999160613
1794993884
-1041519194
210188960
1433524259
675917846
-322617277
-209475972
-1730933017
-1994142607
-1086393250
-50636264
-1941562101
-505761891
-1934377500
1245404724
-1869029402
930343427
-543474504
-335446623
1146043410
-945726457
-273497950
1215310887
-1609022333
1179636108
-853665658
236943272
853294810
-159034948
862560472
-806787196
-1113253637
-1569839352
-1208335025
370306623
-752868388
652469102
1729063384
1213518177
1006643104
699000057
1548086989
1264593821
-966515485
-884007282
1724564582
1640787253
1943557975
-564320028
-111230609
-695075172
617368975
-780607532
439660859
336521564
1924278810
-107409454
-1983001384
414919482
1084776916
-121899078
696783747
674011031
382765944
1422697168
-1110100386
908913432
-477424520
-302686462
1682443103
-794102391
-1728516336
1672270703
-1777222772
1450835454
-106852968
-526419156
-479780764
-1839151813
103595801
2138015812
-19266400
2116799061
-184205021
291599105
1748581403
109884824
-1800267043
-1800685207
2017838861
1355484587
-268298915
-293301493
-1732610945
-857171214
285599034
1567661307
-1442400262
2082348339
-1165305506
-1358839270
-2131450238
1522218875
-661576928
828760986
-1115861310
129939010
-1940517999
18417088
814604424
841651149
-113530347
503776492
2075350899
1181310675
173862966
1302664918
1657380073
1934681955
372645556
1766562841
2015778127
-1331145212
-1414072352
1167918581
-561591180
-1495920355
-1550499031
-649145264
76264781
-2101603177
1326151159
-344592386
-1559973657
403677120