3724
3094
1867
2143
2673
2553
1473
1311
2125
1085
3398
4149
4727
774
4710
13
2753
3085
4986
579
4408
50
2095
536
2517
851
4884
4458
1395
1325
3970
3127
3993
285
580
1462
858
412
2933
3090
4751
3341
520
2651
3839
4764
2987
3859
1589
1677
3237
2634
3983
4822
4294
3374
2623
3730
4886
2138
3106
2075
285
386
2285
2467
4498
1960
1040
247
3647
519
1931
4761
4938
4034
2677
4944
102
2759
1691
4910
4543
4029
117
4246
3229
4007
3964
1568
4608
1108
72
370
122
3932
1702
3692
2738
2602
199
2712
4668
3425
947
2253
3917
4628
4356
1623
3485
1501
3240
4236
2549
4777
1693
1157
1384
1495
105
23
1966
547
4042
2085
4395
628
1399
2268
2583
574
906
4554
2070
2492
917
2636
2199
4294
2697
763
426
2418
3182
666
2291
2186
3229
71
3243
4466
3633
2611
61
133
2107
3920
758
875
4429
4038
2942
1977
4158
218
2347
4741
1916
3603
2444
2820
1296
2626
1627
577
3227
4398
1812
3108
4047
1336
3114
3518
336
2810
3985
412
257
1279
4662
1135
4451
4279
3762
2631
2927
4218
2301
2295
1677
3150
616
481
4589
1167
3475
3599
195
2073
4300
995
720
2253
4441
4164
2395
1742
1181
4478
3350
1063
1702
3324
4900
1259
808
1644
833
4768
4866
4503
3714
2952
421
1475
1380
2782
1445
4807
1752
2978
144
2443
668
4001
2044
2986
3916
2764
1774
1253
1711
2826
4548
3869
2439
1397
4507
636
184
3174
2124
3216
1265
1158
3226
1917
4952
1883
479
4526
1272
1923
3028
3008
910
2143
2327
1211
1714
4207
3927
1966
216
2150
4387
4246
3389
1218
2936
2890
1079
714
609
886
1710
3716
3777
3010
3351
3394
2956
2007
238
3768
3779
4397
3923
3221
4118
3788
3958
1980
932
3517
4813
1150
479
1987
2980
4957
2394
1812
4347
2351
3804
4782
3155
2285
1406
4192
1242
2079
4872
1574
1791
991
962
936
2703
4918
998
360
3262
2902
2387
4214
2889
3366
3819
873
4463
1667
3470
3492
3784
1985
568
1595
3398
2982
3934
3737
1544
2159
1910
2792
750
3010
4220
4163
1046
3391
2217
2267
2917
1547
333
3293
2017
2554
2557
372
3331
1624
2528
2104
4522
3605
771
3578
3210
891
2861
4346
388
4445
4252
4032
719
3437
2070
1300
868
4450
2148
2802
2687
1461
849
4029
4841
1926
1928
1023
4522
880
443
2234
1516
4373
4136
1550
2131
1223
854
784
497
4301
1685
1547
2262
438
2443
1845
2444
2853
2507
2544
1816
840
4648
4820
453
3519
128
3942
266
1062
2171
2567
1996
3751
1707
3492
3462
1247
2821
605
204
1715
1509
868
864
1895
4568
2099
747
2330
4995
3362
1997
3938
4081
1556
4208
3951
873
4638
375
4487
3158
691
2084
4014
3231
1767
1350
751
2391
3294
2633
2603
1744
4247
960
2340
3472
1058
1997
1431
230
2211
1737
972
1437
2027
3215
3556
3783
1762
4115
998
3461
4250
497
3565
1346
115
4911
1386
216
1671
652
4521
2666
425
2458
1043
4600
3694
366
1863
345
4824
4209
3781
819
2147
1486
1361
1862
1526
1836
1880
1302
1336
4246
1371
3031
4685
3782
2789
3627
1171
1864
1722
2703
2197
626
373
1868
4795
3138
2238
4225
3660
1623
1855
93
2329
353
3978
1394
3943
4925
905
2157
2761
3177
1753
2738
648
1774
2043
4341
2344
1666
2448
1179
1848
3469
465
831
1949
1020
2969
48
2355
257
2231
3575
4330
436
1163
2583
4192
2002
3932
2269
737
2452
3964
2919
816
1963
457
1289
4865
2286
2337
1082
4789
3822
1441
1773
1792
1377
4266
483
4714
242
2473
3454
1880
1986
3521
1537
406
2376
2406
4475
3212
1988
1713
3930
3234
2457
3683
1908
4233
4888
56
2608
4712
2177
2754
4539
3639
4853
1647
591
196
2767
3984
3414
1800
840
4174
548
2932
2210
3515
3034
1781
724
699
1335
897
2909
373
4905
2822
4012
2697
377
2358
451
96
1117
3680
859
483
262
837
1227
2881
2634
245
4226
4344
1756
15
4308
727
775
4314
4194
2333
4346
2746
1041
3082
2837
1306
2781
3409
3849
4978
2551
4950
1854
3717
4569
4410
2078
1018
3842
247
2118
4029
4348
186
997
4954
1427
1397
653
869
1928
61
3959
3008
52
3807
2107
4858
1392
130
3045
3473
1705
3481
4298
1420
65
1840
2753
4071
96
4543
1399
187
66
832
1923
625
2921
2865
161
3259
3571
4695
2354
1536
2375
2303
480
4722
4073
1570
4759
2390
2293
356
1614
2951
2296
4569
949
1734
4306
1637
1089
4267
4055
4454
4771
3593
3852
1697
967
3849
4423
869
4975
4661
2440
2816
4311
2790
268
1580
2452
4613
3568
4613
3214
627
186
3545
3669
3286
1530
509
3231
104
768
1064
1751
1525
4720
3983
4641
2585
1040
3869
4410
2043
2674
219
4645
210
2404
771
3672
1899
1805
4509
373
1604
3010
4437
1724
2384
1967
2114
2910
2375
1761
3747
3036
201
135
1087
4974
32
3561
1753
3839
1335
3905
1463
4790
3866
4775
4238
2632
227
2176
1851
1360
3886
358
3600
2440
3186
4570
2977
2121
1045
1286
4738
2199
1122
2591
3343
3664
2818
800
1911
803
3428
4554
3718
3237
1074
3999
1918
3966
2354
2702
4225
194
2957
2928
1550
3716
120
4033
1941
845
68
2490
1008
1986
2356
979
3241
3011
4010
167
3322
3368
4039
1384
2829
2526
4038
2360
200
4759
4643
1441
2652
4384
3845
157
2243
3036
36
4007
1243
3213
569
3882
3219
4810
3506
3928
1577
3340
4278
3730
2838
4731
3707
2695
1583
3454
1041
2728
633
584
4338
2248
2687
2773
1513
1512
4043
4187
3565
2608
3855
3990
1104
4514
527
2092
400
1001
4853
247
1497
4799
823
2921
484
907
2465
1169
1457
4177
275
1027
3004
2404
808
1422
1815
3007
962
2575
1948
2817
2444
1371
1045
4966
646
74
3898
474
751
4159
3846
1704
1626
412
4151
4753
639
4314
3560
17
1996
3422
4332
3699
1672
2711
4289
1284
2885
4187
1327
3933
551
353
4164
2050
4829
4626
4237
1863
2451
2145
3371
1170
2185
2369
7
452
468
2006
4275
2865
3167
4707
951
4568
2838
3418
1877
3204
2414
1267
1970
2264
1732
1348
4929
4185
4041
214
3269
29
4799
1496
882
3753
2234
741
4601
1552
1453
1968
2950
1728
2008
2848
2488
4319
756
214
2605
3947
1243
2587
4127
2590
4975
3015
3111
2512
1269
1388
2108
2142
3764
4617
232
3177
3448
1570
4272
50
2166
2445
1374
3417
1516
4495
1972
4780
1647
2637
1710
2500
1663
15
4253
1972
3083
2230
4884
2547
2996
4910
329
417
4121
1631
281
1669
3967
3573
3744
765
3603
4456
4989
1783
3205
1798
502
3492
1770
2139
2084
1485
2190
1443
4189
2037
3276
1790
746
4278
3445
754
4741
3103
944
3479
3274
139
4979
1283
4422
4165
1071
3110
4816
3191
737
2343
2426
4450
3386
509
1635
1248
1573
4067
4373
4149
1704
4027
4943
4284
3913
507
1486
1662
1494
1252
1165
293
2673
4455
3549
686
2254
3442
3938
2093
1595
1768
4325
1210
2539
2463
2087
1410
3134
1859
4601
2929
2337
272
3597
3466
4077
2876
4064
385
3759
75
4174
2007
1843
3932
4554
389
574
4905
3625
4605
2703
1388
314
3489
1992
4916
100
2214
871
3799
3268
4131
3019
1641
4745
1388
558
4723
2374
3540
1190
3943
2699
2231
687
4184
1368
3981
2553
3494
3200
2186
1801
1198
4805
3418
2342
17
774
4682
1163
763
3770
4530
4548
3907
3439
3934
4734
2963
4180
4844
992
3093
3335
3191
3728
4053
692
2826
3187
3878
4954
617
2757
2900
4419
4761
4225
2969
4009
440
4069
1947
4376
79
4198
986
635
820
131
2279
3806
1875
360
1104
1373
1733
3098
2017
2952
2745
730
1052
517
22
2175
4233
2224
4619
2348
4969
2712
2781
244
3059
2961
2160
4453
1569
2969
3177
3640
2893
1497
528
1811
2237
243
123
4841
2767
1491
4372
416
109
2387
1949
2108
3745
1662
1202
3324
1060
3329
4693
4593
1751
3457
2104
4015
3429
909
1402
241
1432
953
3860
4981
2024
2291
4469
4921
3298
974
962
1665
3773
4505
4793
1359
3224
3220
4100
4789
3383
230
4748
2041
4820
2981
1371
1710
3161
1443
4147
3579
2676
641
1933
1698
3756
2995
2313
2015
2216
391
980
1114
4807
3931
1688
1132
3802
1715
1149
2634
4469
4596
1445
41
1828
1208
3789
798
1434
494
2856
1256
3181
1117
638
3469
3918
973
2289
4189
3004
2570
448
4527
4431
3038
3212
3327
3370
1337
2663
216
3635
2975
3245
3995
4964
839
2091
1308
3955
1228
4332
1526
1999
50
1507
227
4585
3726
802
481
1458
3682
1297
892
1963
4444
2034
884
3894
769
4168
2971
2884
1403
1392
381
2081
1253
1384
4932
3481
2079
3037
3752
2870
4323
4040
1743
2881
3770
3880
950
733
3331
539
396
2628
3889
1837
4423
1105
2536
3371
670
3741
964
2610
1962
4333
4607
2457
1602
2136
1621
4397
673
1750
660
2786
4230
107
2661
3335
3392
2315
2994
4922
532
1328
2611
3843
3229
4503
3793
917
2126
1297
1614
126
4631
1341
3231
1608
3217
1531
4912
3920
2280
3923
1978
3700
4612
755
547
1346
4476
2431
4378
4099
3784
2683
2653
190
3880
148
1209
105
2535
2301
4205
794
118
1078
3252
1131
4054
1846
869
436
2294
97
4144
1611
108
2420
776
1926
3476
1557
727
4817
2091
4192
3035
3971
1878
2404
2419
2555
4876
3293
493
2016
740
2274
3968
2261
4141
1822
48
3779
4104
1676
1987
1961
772
2491
567
2287
846
3961
2230
3088
1546
4460
2504
1254
4026
771
219
3783
994
4948
2569
3293
422
1023
623
2427
4441
2023
461
3499
1883
3128
2598
3252
1109
1675
2558
2977
2084
2631
4779
3325
3328
2234
4089
1514
2992
3910
910
3370
1732
2006
2983
4052
3287
4079
493
2264
2175
108
3680
4990
1681
825
1534
2815
2366
657
4295
2255
3332
3299
2296
2747
2706
4975
4347
1413
3981
1327
1447
1798
1472
4816
3057
1507
4347
824
1159
3688
2130
857
1677
4608
552
867
4014
2343
3761
4408
2256
3959
3617
3849
2548
4518
4684
3774
1296
625
1691
2387
2099
1073
2944
3758
4069
2908
4238
1516
2224
2735
4871
2387
3671
4383
2275
546
1722
3639
2754
1517
4219
1363
2343
4173
3272
1691
3658
1860
4757
1427
1688
2038
3189
2415
96
1227
1621
252
4572
2857
1109
1290
402
102
4404
4757
4351
3387
4199
3179
3735
764
4813
3592
1803
1003
1266
4340
1887
3101
3486
3166
1238
1564
714
843
4477
2724
174
4663
2874
2545
1217
4803
3983
205
2542
2879
1726
2416
2184
4599
194
1768
770
3561
3447
896
158
1159
3456
444
2543
896
4435
3354
4692
3321
3723
3868
1716
2944
834
202
2953
2145
2553
821
515
4865
2069
534
962
4584
4104
997
1238
1580
1889
1838
54
4776
4752
3005
3812
2411
26
2042
2082
1493
3974
2744
2699
3684
3914
2823
3872
3325
1677
4561
1237
1311
1017
3298
2543
329
3244
1440
2269
75
2788
4770
4128
2345
844
389
2569
1468
4472
4265
4029
1499
2225
59
3359
4176
2093
3356
2090
4229
2150
1406
1801
3540
853
3390
4614
3926
323
3172
1363
3443
100
3320
4368
3520
4320
1472
2737
223
2175
1956
2155
1752
721
3282
4356
125
3727
2460
308
4756
1185
2087
3931
933
1333
2791
2905
4395
864
4759
4428
504
4229
748
2377
4224
2728
545
1842
2312
533
3429
1344
1719
3985
4408
389
1186
3260
4741
3905
3966
2850
4617
2880
2510
3125
4058
332
1509
4369
546
1443
2485
4411
3755
2175
2270
3071
3740
2758
282
804
4370
1279
2853
3430
890
4656
4682
280
2754
3302
2696
1196
3487
385
1075
1505
3353
3083
503
3296
4331
3062
3080
651
3367
3863
4188
3017
3758
1107
2314
2450
2013
4364
524
2716
1547
2704
560
2840
4543
3630
3173
3180
4310
3653
672
4966
3946
2779
3173
2489
678
3743
2803
423
4173
1580
4976
4700
4875
1739
4924
2754
2468
1980
1626
2982
3752
240
617
2119
712
429
4345
3326
4778
3519
3768
430
4159
1272
140
2090
1662
3124
3947
3861
1578
1923
1222
1986
310
4515
3324
4096
4345
770
195
3833
2076
749
1521
536
2449
1712
968
2237
2005
1339
1880
1623
4438
293
1103
1573
2752
1495
371
1664
4568
2471
2552
344
1356
1343
1413
3273
1066
1322
2625
137
2676
3539
2643
1489
309
1178
1111
3742
2958
1828
924
2156
2105
4150
4250
1054
2631
3237
3297
4476
2453
2253
652
177
4144
339
3765
2111
4881
4177
3210
1338
3604
1879
805
1310
4898
1320
1601
4941
2199
3808
3528
4065
1998
4031
3249
74
3104
178
3287
933
4811
1783
4301
4642
3711
4899
198
4728
1332
3227
3449
4287
2463
2227
4417
553
2899
3621
3650
2998
428
3657
2551
3362
2496
3725
2169
4461
2534
2906
122
3656
1896
988
2392
2695
3532
3411
2221
1487
3789
3738
1146
68
4330
2076
4132
215
412
942
479
908
3995
732
4270
1852
666
3988
3669
2155
4774
1601
1974
135
3118
4805
4855
1083
3988
359
301
8
4122
884
1930
3807
2016
1997
2353
4981
2586
3349
4298
2587
2485
3326
3585
4329
4162
2511
1601
1575
1627
227
1118
2104
579
3160
4680
4939
2778
3475
4764
711
1278
3837
3260
3466
4965
3724
2902
990
959
1545
2466
177
3648
3753
2668
31
2635
370
2826
4486
2154
3892
2600
1150
3385
4025
3375
2187
4267
930
4812
760
2877
4960
3692
282
1182
548
3189
638
752
1971
4880
4312
856
3578
1099
2297
1440
3945
3843
1275
1047
3215
2670
925
662
1659
1038
1958
2947
2690
3066
119
1354
1329
3150
890
623
4160
1139
953
2753
1817
2850
1612
1672
3909
4441
4779
4327
4674
2048
2212
2365
4162
2757
3433
3181
1314
11
3841
3253
2973
1745
3025
1483
941
2103
1623
4859
2998
1380
2651
3670
4223
1371
546
725
2589
3899
3441
3003
2102
4637
2466
2880
2047
4281
3262
3017
3451
1241
471
1613
808
3551
4681
2851
3007
2282
3965
1727
1080
2124
472
2563
800
2055
4102
850
2816
1581
767
2040
4243
1599
1228
2133
2083
3461
769
1960
489
1932
3790
256
343
6
4187
886
4292
3068
4879
2190
1467
4430
2029
1557
584
2178
2188
4204
537
1563
2930
2010
2172
4057
524
2504
2619
3326
2924
3477
4832
97
992
1898
3966
2331
115
2432
3311
4415
3426
2725
748
1343
1453
4926
4540
729
4487
1926
2331
488
2276
3901
1926
4127
1375
1940
4913
2600
2989
1420
781
259
3201
4022
873
3834
2189
941
1796
3153
2121
1144
3141
2115
3852
299
679
4631
3452
2013
1132
4914
1963
3525
2404
4054
472
1293
2498
311
2439
3769
1363
3894
4375
3505
3572
1591
4797
1905
4024
3653
4178
769
3339
3062
510
2569
13
3449
4639
4389
2958
1963
498
1390
4754
96
132
3776
4242
2407
2662
4056
3111
2375
91
3534
2539
1533
664
4792
2590
4448
4135
1703
3018
1747
303
986
955
4137
2587
536
2310
120
3301
1084
4117
2051
4719
4025
3069
3555
4318
2292
1292
3705
2116
873
1922
4586
1760
3462
1107
700
2076
308
677
2800
3339
1267
4549
2517
1749
3981
4520
1700
3768
2715
2721
4411
4397
763
2310
4193
524
2227
1199
3520
3252
3256
3116
1744
2267
3495
1458
327
3127
4156
4746
1111
3799
4809
2205
4792
4848
3030
0
3165
3240
2695
4112
1675
2649
4355
2307
866
530
2696
3131
3656
2968
1988
1023
1963
3772
2999
1215
2733
1753
4532
3940
317
3773
1686
217
3495
1698
4367
3562
221
4935
3860
1040
4486
1943
1732
175
1829
1694
303
4252
4038
4260
228
4117
3049
1983
330
1559
1728
537
4112
4254
2309
4547
1176
4885
3069
2740
2149
4282
4009
4499
2470
1101
2627
1533
2563
3341
1053
1939
660
1031
4708
3579
521
980
884
4865
292
765
2830
1985
4907
382
4325
1860
4705
3196
3934
4813
3764
3140
2484
3287
2841
4402
2883
1381
4019
4490
3717
4693
139
2199
1849
1874
2074
3622
4369
1340
4545
3198
2034
1982
313
1054
2471
2388
4031
3050
2542
815
4335
2684
3828
4487
3857
4403
4724
2004
2449
2571
122
4600
648
1352
2454
2468
4705
3344
4108
478
494
221
1673
1284
3088
2459
3240
559
1844
3220
1266
4711
3835
2989
2347
4279
3523
4293
3553
845
1225
2914
1200
4072
2752
1015
705
4518
3218
1502
449
4481
2493
3910
4637
534
3241
3697
4828
234
4494
2853
3460
2736
1459
1405
3166
11
4449
2203
4062
4029
4142
2884
971
1434
2629
2160
4477
1548
3594
916
3108
1219
3427
4982
2852
1033
3218
2732
774
239
656
1122
4179
1288
4092
4254
3057
4640
2104
3594
2112
720
532
2709
2894
3961
4676
1670
3006
3266
2828
4614
1368
559
4548
2576
1946
784
1639
608
4891
844
2653
4654
3352
4256
2441
3550
3296
1961
628
3012
226
25
1336
2657
2758
2640
1593
1613
1457
3275
3173
2384
3162
3890
557
4609
985
4128
2027
1161
4863
3548
83
1869
3273
1919
3967
1071
422
2977
2354
3968
2152
4157
4590
1212
1279
3461
3760
3625
3121
2083
2857
605
262
3390
2128
2276
4359
3413
643
2771
4302
3571
4733
4692
